Jornalero;32445656;Leticia;10;500,2;100,00;4902,00
Jornalero;32445656;Isabel;10;4500,2;300,00;44702,00
Asalariado;45564663;Aurelio;1200000;7000,2;1192999,8
Asalariado;45564663;Luisa;2200000;14000,9;2185999,1
Asalariado;45564663;Celina;4200000;24000,9;4175999,1
Jornalero;45645555;Vicente;500000;900,0;150,00;449999850,00
Asalariado;45654355;Agustín;900456,00;6000,5;894455,50
Asalariado;46894266;Julieta;1200000;7000,2;1192999,8
Asalariado;46894266;Teresa;1200000;7000,2;1192999,8
Asalariado;48456455;Laura;850000,0;1000,1;848999,9
